16263
29637
30200
30667
30797
31437
31802
32120
32223
32489
32885
33245
33246
33504
33787
33903
34029
34159
34166
34382
34436
34746
34974
35006
35011
35320
36067
36277
36290
36297
36349
36380
36393
36568
36603
36609
36667
36701
36750
36835
36862
36952
36957
36976
36993
37049
37058
37075
37093
37178
37184
37222
37248
37251
37290
37296
37297
37347
37369
37370
37373
37390
37420
37421
37423
37438
37452
37480
37498
37576
37596
37619
37659
37673
37686
37723
37724
37728
37736
37754
37761
37770
37778
37815
37826
37835
37836
37837
37844
37869
37878
37894
37912
37921
37937
37960
37976
37986
37997
38034
38035
38064
38074
38084
38137
38138